100
3 1 5 15 13 11
3 0 8 23 22 21
1 0 2 2
2 2 0 20 17
1 0 10 25
3 0 1 0 0 0
2 0 0 30 30
2 1 7 6 1
3 0 2 29 11 8
3 3 0 2 14 13
2 1 8 21 20
3 2 8 12 30 12
2 0 2 30 16
2 0 1 13 18
2 1 8 11 0
1 0 4 8
2 0 3 11 27
2 1 2 19 6
1 0 3 6
3 0 8 21 21 9
2 0 6 4 14
3 0 3 27 5 6
1 0 5 7
3 3 10 27 25 12
3 1 4 12 15 29
1 1 0 24
3 3 7 20 11 13
2 1 7 29 4
1 1 9 4
1 0 6 15
2 1 1 0 2
2 0 5 0 8
3 0 6 28 4 5
2 1 10 26 27
3 3 7 7 19 22
2 2 4 14 12
2 0 5 30 12
2 0 6 15 14
2 0 5 8 22
3 1 9 30 11 0
2 0 5 16 2
2 0 6 17 12
2 2 9 28 27
2 0 8 11 21
2 0 3 11 6
1 1 9 7
1 0 8 20
1 1 1 20
3 3 2 21 25 2
1 0 6 15
3 3 8 22 9 5
3 0 9 8 14 15
1 0 0 23
1 0 4 9
3 0 4 25 9 8
3 1 5 11 12 26
1 0 4 9
3 0 6 24 14 9
1 1 0 19
3 1 0 29 1 10
3 1 4 16 8 8
1 0 4 9
1 0 5 19
3 0 9 23 23 25
1 0 5 30
1 0 6 0
2 1 6 17 16
2 2 4 13 22
1 0 7 17
1 0 8 20
2 0 10 30 30
2 0 0 30 8
1 0 3 23
1 0 2 0
2 0 7 17 4
1 0 9 1
2 1 6 25 1
1 0 6 5
1 0 10 26
1 1 8 7
3 0 0 0 0 0
3 0 6 22 4 3
1 0 10 27
2 1 9 24 24
2 0 10 19 18
2 0 6 14 14
1 0 1 15
2 1 1 29 7
1 1 3 16
1 0 0 26
2 0 7 14 2
1 1 3 22
3 1 4 15 26 0
2 0 2 0 28
2 2 2 10 27
1 0 2 2
3 3 8 17 5 20
1 0 2 2
1 0 0 30
1 1 5 28
